 dt,beta=  0.10000000000000001,  1.00045304891429078E-2
 amp,vpp,yd0 =  1.00000000000000005E-4,  2*0.
 peritr,ifluid=  0,  1
 tor,nonlin=  1.,  1,  0
 isuni=  0 amie=  1800.
 kxcut,kycut,bcut=  43.220665658236364,  35.440905505023451,  1.E+20
 fradi,isg=  2*0.
 llk,mlk,onemd = 0,  1,  0
 vwidth (i,e), vcut=  2*8.,  15.
 rneu=  0.
 V-ExB switch=  0.
 V-parallel switch=  0.
 mm1=  8388608
 pzcrite,encrit =  1.3069549992157959E-6,  1.
 lxa,lymult,delra,r0a,rina,routa= 3.66300366300366317E-2,  200.,  5.00000000000000028E-2,  0.5,  0.48168498168498169,  0.51831501831501836
 a,r0,rmaj0,q0,lx,ly,lz= 254.39530597552195,  127.19765298776097,  706.71015999999997,  1.3999999999999999,  9.3185093763927451,  2.8543086584300976,  6216.5472512451479
 t0,kyrhoi_local= 0.49977357812304019,  2.2008000000000001
 lr(1),lr(2),lr_e= 3*4
 mimis(1:2),q(1:2) =  2.,  12.,  1.,  6.
     0.00   0.582E-06   0.234E-08   0.000E+00   0.000E+00   0.000E+00   0.000E+00   0.000E+00   0.000E+00   0.112E-01  -0.141E-01   0.180E-01
     0.10   0.576E-06   0.235E-08  -0.211E-12  -0.299E-12  -0.214E-12  -0.212E-12   0.500E-04   0.500E-04   0.154E-02  -0.511E-02   0.533E-02
     0.20   0.575E-06   0.234E-08  -0.179E-12  -0.253E-12   0.821E-13   0.120E-12   0.500E-04   0.500E-04   0.116E-01  -0.874E-02   0.145E-01
     0.30   0.580E-06   0.234E-08  -0.179E-12  -0.272E-12  -0.460E-13  -0.749E-13   0.500E-04   0.500E-04   0.118E-01  -0.750E-02   0.140E-01
     0.40   0.575E-06   0.235E-08  -0.225E-12  -0.293E-12   0.636E-13  -0.365E-13   0.500E-04   0.500E-04   0.122E-01  -0.761E-02   0.144E-01
     0.50   0.579E-06   0.234E-08   0.191E-13  -0.974E-13   0.102E-12   0.964E-13   0.500E-04   0.500E-04   0.624E-02  -0.121E-01   0.136E-01
     0.60   0.574E-06   0.234E-08  -0.178E-12  -0.186E-12   0.157E-13   0.490E-13   0.500E-04   0.500E-04   0.916E-02  -0.467E-02   0.103E-01
     0.70   0.575E-06   0.234E-08  -0.359E-12  -0.247E-12   0.191E-12   0.285E-12   0.500E-04   0.500E-04   0.831E-02  -0.115E-01   0.142E-01
     0.80   0.582E-06   0.234E-08  -0.113E-12  -0.107E-12  -0.200E-12  -0.191E-12   0.500E-04   0.500E-04   0.660E-02  -0.148E-01   0.162E-01
     0.90   0.577E-06   0.234E-08  -0.159E-12  -0.874E-13  -0.784E-13  -0.532E-13   0.500E-04   0.500E-04   0.744E-02  -0.104E-01   0.128E-01
